line 31, vector:
 [5 2 7 0 0 0 0 0 1 0 0 0 0 0 0 0 0 1 0 0 0 0 0 0 0 1 0 0 0 0 0 0 0 0 0 1 0
 0 0 0 0 0 1 0 0 0 0 0 0 0 0 0 0 0 0 1 0 0 0 0 0 0 0 0 0 0 1 0 1 0 0 0 0]
Episode:  0
t:  0
action:  tensor([[45]])
reward:  -1
line 245: next_state:  tensor([[0., 0., 0., 0., 0., 1., 0., 0., 0., 0., 0., 0., 0., 0., 1., 0., 0., 0.,
         0., 0., 0., 0., 1., 0., 0., 0., 0., 0., 0., 0., 0., 0., 1., 0., 0., 0.,
         0., 0., 0., 1., 0., 0., 0., 0., 0., 1., 0., 0., 0., 0., 0., 0., 1., 0.,
         0., 0., 0., 0., 0., 0., 0., 0., 0., 1., 0., 1., 0., 0., 0., 0.]])
t:  1
action:  tensor([[39]])
reward:  -1
line 245: next_state:  tensor([[0., 0., 0., 0., 0., 1., 0., 0., 0., 0., 0., 0., 0., 0., 1., 0., 0., 0.,
         0., 0., 0., 0., 1., 0., 0., 0., 0., 0., 0., 0., 0., 0., 1., 0., 0., 0.,
         0., 0., 0., 1., 0., 0., 0., 0., 0., 1., 0., 0., 0., 0., 0., 0., 1., 0.,
         0., 0., 0., 0., 0., 0., 0., 0., 0., 1., 0., 1., 0., 0., 0., 0.]])
t:  2
action:  tensor([[6]])
reward:  -1
line 245: next_state:  tensor([[0., 0., 0., 0., 0., 1., 1., 0., 0., 0., 0., 0., 0., 0., 1., 0., 0., 0.,
         0., 0., 0., 0., 1., 0., 0., 0., 0., 0., 0., 0., 0., 0., 1., 0., 0., 0.,
         0., 0., 0., 1., 0., 0., 0., 0., 0., 1., 0., 0., 0., 0., 0., 0., 1., 0.,
         0., 0., 0., 0., 0., 0., 0., 0., 0., 1., 0., 1., 0., 0., 0., 0.]])
t:  3
action:  tensor([[69]])
reward:  -1
line 245: next_state:  tensor([[0., 0., 0., 0., 0., 1., 1., 0., 0., 0., 0., 0., 0., 0., 1., 0., 0., 0.,
         0., 0., 0., 0., 1., 0., 0., 0., 0., 0., 0., 0., 0., 0., 1., 0., 0., 0.,
         0., 0., 0., 1., 0., 0., 0., 0., 0., 1., 0., 0., 0., 0., 0., 0., 1., 0.,
         0., 0., 0., 0., 0., 0., 0., 0., 0., 1., 0., 1., 0., 0., 0., 1.]])
t:  4
action:  tensor([[27]])
reward:  -1
line 245: next_state:  tensor([[0., 0., 0., 0., 0., 1., 1., 0., 0., 0., 0., 0., 0., 0., 1., 0., 0., 0.,
         0., 0., 0., 0., 1., 0., 0., 0., 0., 1., 0., 0., 0., 0., 1., 0., 0., 0.,
         0., 0., 0., 1., 0., 0., 0., 0., 0., 1., 0., 0., 0., 0., 0., 0., 1., 0.,
         0., 0., 0., 0., 0., 0., 0., 0., 0., 1., 0., 1., 0., 0., 0., 1.]])
t:  5
action:  tensor([[41]])
reward:  -1
line 245: next_state:  tensor([[0., 0., 0., 0., 0., 1., 1., 0., 0., 0., 0., 0., 0., 0., 1., 0., 0., 0.,
         0., 0., 0., 0., 1., 0., 0., 0., 0., 1., 0., 0., 0., 0., 1., 0., 0., 0.,
         0., 0., 0., 1., 0., 1., 0., 0., 0., 1., 0., 0., 0., 0., 0., 0., 1., 0.,
         0., 0., 0., 0., 0., 0., 0., 0., 0., 1., 0., 1., 0., 0., 0., 1.]])
t:  6
action:  tensor([[42]])
reward:  -1
line 245: next_state:  tensor([[0., 0., 0., 0., 0., 1., 1., 0., 0., 0., 0., 0., 0., 0., 1., 0., 0., 0.,
         0., 0., 0., 0., 1., 0., 0., 0., 0., 1., 0., 0., 0., 0., 1., 0., 0., 0.,
         0., 0., 0., 1., 0., 1., 1., 0., 0., 1., 0., 0., 0., 0., 0., 0., 1., 0.,
         0., 0., 0., 0., 0., 0., 0., 0., 0., 1., 0., 1., 0., 0., 0., 1.]])
t:  7
action:  tensor([[4]])
reward:  -1
line 245: next_state:  tensor([[0., 0., 0., 0., 1., 1., 1., 0., 0., 0., 0., 0., 0., 0., 1., 0., 0., 0.,
         0., 0., 0., 0., 1., 0., 0., 0., 0., 1., 0., 0., 0., 0., 1., 0., 0., 0.,
         0., 0., 0., 1., 0., 1., 1., 0., 0., 1., 0., 0., 0., 0., 0., 0., 1., 0.,
         0., 0., 0., 0., 0., 0., 0., 0., 0., 1., 0., 1., 0., 0., 0., 1.]])
t:  8
action:  tensor([[36]])
reward:  -1
line 245: next_state:  tensor([[0., 0., 0., 0., 1., 1., 1., 0., 0., 0., 0., 0., 0., 0., 1., 0., 0., 0.,
         0., 0., 0., 0., 1., 0., 0., 0., 0., 1., 0., 0., 0., 0., 1., 0., 0., 0.,
         1., 0., 0., 1., 0., 1., 1., 0., 0., 1., 0., 0., 0., 0., 0., 0., 1., 0.,
         0., 0., 0., 0., 0., 0., 0., 0., 0., 1., 0., 1., 0., 0., 0., 1.]])
t:  9
action:  tensor([[42]])
reward:  -1
line 245: next_state:  tensor([[0., 0., 0., 0., 1., 1., 1., 0., 0., 0., 0., 0., 0., 0., 1., 0., 0., 0.,
         0., 0., 0., 0., 1., 0., 0., 0., 0., 1., 0., 0., 0., 0., 1., 0., 0., 0.,
         1., 0., 0., 1., 0., 1., 1., 0., 0., 1., 0., 0., 0., 0., 0., 0., 1., 0.,
         0., 0., 0., 0., 0., 0., 0., 0., 0., 1., 0., 1., 0., 0., 0., 1.]])
t:  10
action:  tensor([[55]])
reward:  -1
line 245: next_state:  tensor([[0., 0., 0., 0., 1., 1., 1., 0., 0., 0., 0., 0., 0., 0., 1., 0., 0., 0.,
         0., 0., 0., 0., 1., 0., 0., 0., 0., 1., 0., 0., 0., 0., 1., 0., 0., 0.,
         1., 0., 0., 1., 0., 1., 1., 0., 0., 1., 0., 0., 0., 0., 0., 0., 1., 0.,
         0., 1., 0., 0., 0., 0., 0., 0., 0., 1., 0., 1., 0., 0., 0., 1.]])
t:  11
action:  tensor([[41]])
reward:  -1
line 245: next_state:  tensor([[0., 0., 0., 0., 1., 1., 1., 0., 0., 0., 0., 0., 0., 0., 1., 0., 0., 0.,
         0., 0., 0., 0., 1., 0., 0., 0., 0., 1., 0., 0., 0., 0., 1., 0., 0., 0.,
         1., 0., 0., 1., 0., 1., 1., 0., 0., 1., 0., 0., 0., 0., 0., 0., 1., 0.,
         0., 1., 0., 0., 0., 0., 0., 0., 0., 1., 0., 1., 0., 0., 0., 1.]])
t:  12
action:  tensor([[68]])
reward:  -1
line 245: next_state:  tensor([[0., 0., 0., 0., 1., 1., 1., 0., 0., 0., 0., 0., 0., 0., 1., 0., 0., 0.,
         0., 0., 0., 0., 1., 0., 0., 0., 0., 1., 0., 0., 0., 0., 1., 0., 0., 0.,
         1., 0., 0., 1., 0., 1., 1., 0., 0., 1., 0., 0., 0., 0., 0., 0., 1., 0.,
         0., 1., 0., 0., 0., 0., 0., 0., 0., 1., 0., 1., 0., 0., 1., 1.]])
t:  13
action:  tensor([[40]])
reward:  -1
line 245: next_state:  tensor([[0., 0., 0., 0., 1., 1., 1., 0., 0., 0., 0., 0., 0., 0., 1., 0., 0., 0.,
         0., 0., 0., 0., 1., 0., 0., 0., 0., 1., 0., 0., 0., 0., 1., 0., 0., 0.,
         1., 0., 0., 1., 1., 1., 1., 0., 0., 1., 0., 0., 0., 0., 0., 0., 1., 0.,
         0., 1., 0., 0., 0., 0., 0., 0., 0., 1., 0., 1., 0., 0., 1., 1.]])
t:  14
action:  tensor([[60]])
reward:  -1
line 245: next_state:  tensor([[0., 0., 0., 0., 1., 1., 1., 0., 0., 0., 0., 0., 0., 0., 1., 0., 0., 0.,
         0., 0., 0., 0., 1., 0., 0., 0., 0., 1., 0., 0., 0., 0., 1., 0., 0., 0.,
         1., 0., 0., 1., 1., 1., 1., 0., 0., 1., 0., 0., 0., 0., 0., 0., 1., 0.,
         0., 1., 0., 0., 0., 0., 1., 0., 0., 1., 0., 1., 0., 0., 1., 1.]])
t:  15
action:  tensor([[6]])
reward:  -1
line 245: next_state:  tensor([[0., 0., 0., 0., 1., 1., 1., 0., 0., 0., 0., 0., 0., 0., 1., 0., 0., 0.,
         0., 0., 0., 0., 1., 0., 0., 0., 0., 1., 0., 0., 0., 0., 1., 0., 0., 0.,
         1., 0., 0., 1., 1., 1., 1., 0., 0., 1., 0., 0., 0., 0., 0., 0., 1., 0.,
         0., 1., 0., 0., 0., 0., 1., 0., 0., 1., 0., 1., 0., 0., 1., 1.]])
t:  16
action:  tensor([[45]])
reward:  -1
line 245: next_state:  tensor([[0., 0., 0., 0., 1., 1., 1., 0., 0., 0., 0., 0., 0., 0., 1., 0., 0., 0.,
         0., 0., 0., 0., 1., 0., 0., 0., 0., 1., 0., 0., 0., 0., 1., 0., 0., 0.,
         1., 0., 0., 1., 1., 1., 1., 0., 0., 1., 0., 0., 0., 0., 0., 0., 1., 0.,
         0., 1., 0., 0., 0., 0., 1., 0., 0., 1., 0., 1., 0., 0., 1., 1.]])
t:  17
action:  tensor([[25]])
reward:  -1
line 245: next_state:  tensor([[0., 0., 0., 0., 1., 1., 1., 0., 0., 0., 0., 0., 0., 0., 1., 0., 0., 0.,
         0., 0., 0., 0., 1., 0., 0., 1., 0., 1., 0., 0., 0., 0., 1., 0., 0., 0.,
         1., 0., 0., 1., 1., 1., 1., 0., 0., 1., 0., 0., 0., 0., 0., 0., 1., 0.,
         0., 1., 0., 0., 0., 0., 1., 0., 0., 1., 0., 1., 0., 0., 1., 1.]])
t:  18
action:  tensor([[55]])
reward:  -1
line 245: next_state:  tensor([[0., 0., 0., 0., 1., 1., 1., 0., 0., 0., 0., 0., 0., 0., 1., 0., 0., 0.,
         0., 0., 0., 0., 1., 0., 0., 1., 0., 1., 0., 0., 0., 0., 1., 0., 0., 0.,
         1., 0., 0., 1., 1., 1., 1., 0., 0., 1., 0., 0., 0., 0., 0., 0., 1., 0.,
         0., 1., 0., 0., 0., 0., 1., 0., 0., 1., 0., 1., 0., 0., 1., 1.]])
t:  19
action:  tensor([[16]])